                                      
                                      
      00  0000  00000000000000        
    0011001111001111111111111100      
  001100111111111111111111000000      
  00111111111111111111111111111100    
    001111111111111111111111110000    
  0011111133111133111111111111111100  
  00110011331100001111111111111100    
    0000110000003311113333110000      
        003300333333113333111100      
    00000033003333333300000000        
  00111100333377333300000000          
  0011110033333333001111000000        
    000011003333000077770033333300    
  00110011000000111100003333333300    
003333001111001111333300111133333300  
003333330011111111333333111111333300  
00333333  007777003333331111113300    
  000000  0011111100000000000000      
            0011003333001100          
            00003333330000            
          001111111111111100          
            0011111111111100          
            771111111100              
          0077777711117700            
            000000000000              
