                                      
                                      
    00000000  0000000000        00  
  0022222222002222222222000000002200
  002222222222222222222222222222222200
  0022002222222222222222222222222200  
    00222266666622226666222222002200  
    00220066666622226666226622222200  
      0000333333002222222222222200    
          000000332222222222222200    
        003322003322333322222200      
    000000330033333333332222000000    
  0066666633333333333322006666666600  
    00660033333333000000222222002200  
    002222000033006600000033333300    
003333332200000022003333002233333300  
003333330022002222003333332222333300  
00333300  002222000033333322223300    
  0000  006600006666000000000000      
          0066660000666600            
          00660033330000              
            0033333333000000          
          00222222222222222200        
            0066666666666600          
            00226666666600            
          0022222266662200            
            000000000000              
